"t","x","exp","diff","y"
0.0,6.0,"",-2.0,4.0
0.01,6.1009291097483285,"",-1.763122095654916,4.337807014093412
0.019837432875804244,6.158982392678818,"",-1.453647414177352,4.705334978501466
0.032928808606375516,6.163552590036805,"",-0.9155836324902129,5.247968957546592
0.046872792706238134,6.067543061470974,"",-0.17984480973501427,5.8876982517359595
0.06270548593076905,5.827149595153741,"",0.8468816088982107,6.674031204051952
0.07976497866805604,5.421665327072905,"",2.133888138374627,7.555553465447532
0.09869013688065773,4.83284870464123,"",3.6752712545907995,8.50811995923203
0.1206101373633545,4.054238521489047,"",5.417722576587206,9.471961098076253
0.1430583529076124,3.259255360638411,"",6.942104967884635,10.201360328523046
0.16441311115463014,2.584874480737803,"",8.022268375751075,10.607142856488878
0.1865394334213121,2.0088594712362173,"",8.733343522492543,10.74220299372876
0.20961521392099733,1.543972896543639,"",9.082555017060644,10.626527913604283
0.23542966694355322,1.1643958031321597,"",9.107805745442285,10.272201548574445
0.26791330122699125,0.8436497528230115,"",8.777280700313488,9.6209304531365
0.2946620891365836,0.669789538471968,"",8.329417461764423,8.99920700023639
0.3245241921030045,0.5389588062231051,"",7.738299113212616,8.277257919435721
0.3538252479312564,0.4540396989892957,"",7.123833533691359,7.577873232680655
0.3850169552025608,0.3953390604005389,"",6.472290799372536,6.867629859773075
0.4175366247153707,0.35815916535375286,"",5.820692438569685,6.178851603923437
0.4523857652723975,0.33786562412388055,"",5.1684192737099695,5.50628489783385
0.48971161049746686,0.3334075226878392,"",4.529040829929267,4.862448352617106
0.5300011369680202,0.3457006264908982,"",3.9073241351022014,4.2530247615931
0.5734680174948891,0.3783147242314711,"",3.3096855035872284,3.6880002278186996
0.6198467587077492,0.43775220289609185,"",2.7432733696504075,3.1810255725464995
0.6684721418938977,0.5340589463682879,"",2.2105445657563267,2.7446035121246144
0.7187090175750371,0.6825890244625837,"",1.7027083033313355,2.385297327793919
0.7702038788034278,0.9071647532514832,"",1.1981574862798867,2.10532223953137
0.8230531174163946,1.2457939495058001,"",0.6615638053217361,1.9073577548275362
0.8780051725459389,1.7618959463750532,"",0.041038323126605825,1.802934269501659
0.9335315441048827,2.513083964952841,"",-0.6867460492310016,1.8263379157218396
0.9816817035949388,3.3881326263532014,"",-1.390046733178056,1.9980858931751455
1.026478913494002,4.370206771537814,"",-2.007827575661219,2.3623791958765947
1.0675331125770007,5.303100225456302,"",-2.3197243293167604,2.983375896139542
1.1077840467029154,6.004701022952368,"",-1.9908238121391602,4.013877210813208
1.1426082566379392,6.154579528158261,"",-0.804362866987371,5.35021666117089
1.1726538630195862,5.774491000248527,"",1.031812905506552,6.806303905755079
1.2014668434834004,4.985442146450828,"",3.2980597926020403,8.283501939052869
1.231086265834927,3.941271962960798,"",5.648547340326424,9.589819303287221
1.2614147370424533,2.898845770825673,"",7.546271526053573,10.445117296879246
1.2875700896245965,2.1603730005029624,"",8.569793320917329,10.730166321420292
1.314616978381549,1.5857728740971255,"",9.062022857168559,10.647795731265685
1.343025893282755,1.1616910140541672,"",9.105987817925069,10.267678831979236
1.3794124312610097,0.81247586290741,"",8.715187959548443,9.527663822455853
1.4079809177527134,0.6393110233269554,"",8.216460828220065,8.85577185154702
1.4400156168045846,0.5119293801332528,"",7.568989068766728,8.08091844889998
1.4708976436055137,0.43292460173621017,"",6.919119863950029,7.352044465686239
1.503801922190322,0.38000265624064516,"",6.239131398063169,6.619134054303814
1.5379361168980663,0.3485915028678985,"",5.570501616054072,5.91909311892197
1.5745207420031955,0.3342463235396411,"",4.907839238373441,5.242085561913083
1.6136175429712405,0.33647484667355504,"",4.265318536432944,4.601793383106499
1.655737018718712,0.35706485121925446,"",3.645954878445563,4.003019729664818
1.7009694307708199,0.4008315640329714,"",3.055551181724807,3.4563827457577783
1.7487687403066308,0.47570779790967443,"",2.5005380509156634,2.976245848825338
1.7984688733086065,0.5939585527875352,"",1.9779077529784526,2.5718663057659876
1.8495201639044854,0.7743597121279945,"",1.4728399773060046,2.247199689433999
1.9017735282051218,1.0464961830580162,"",0.957029086681934,2.00352526973995
1.9555971053959351,1.4583983752426732,"",0.3876247692242889,1.8460231444669621
2.0120615397712274,2.090825890093763,"",-0.29515727935987357,1.7956686107338893
2.063780341435643,2.9027784382532196,"",-1.0162959363612503,1.8864825018919693
2.110474490465754,3.842622084323427,"",-1.7010885102673603,2.1415335740560666
2.153294694755648,4.820257898258424,"",-2.206242575469581,2.614015322788843
2.1936262769546686,5.676474488151315,"",-2.274956791432366,3.401517696718949
2.234020781770596,6.156047725626796,"",-1.4706205510056405,4.6854271746211555
2.265902043381333,6.014623690410072,"",0.08252936450517456,6.097153054915246
2.295711993353781,5.385999893074376,"",2.233048119595116,7.619048012669492
2.3248683044512775,4.4310258820748025,"",4.606000921546933,9.037026803621735
2.358001860407889,3.2509946018706946,"",6.955115700018196,10.20611030188889
2.3844729591100573,2.4334930345798407,"",8.230157709184247,10.663650743764087
2.411877103367747,1.7784628193863061,"",8.937540768291615,10.716003587677921
2.439371321660152,1.3070541988594204,"",9.134784134606258,10.441838333465679
2.471693126576942,0.9359712450258002,"",8.920519566689386,9.856490811715187
2.5021806032873704,0.7105268219302167,"",8.458990228105025,9.16951705003524
2.5327366426283753,0.5631745890320198,"",7.87071749194082,8.43389208097284
2.563684589386946,0.4659723201736797,"",7.225398451347726,7.691370771521405
2.5955195224343672,0.4019241280494542,"",6.558434728897271,6.9603588569467245
2.6288376048089375,0.36129290393804153,"",5.886716343690676,6.248009247628717
2.6641240069220706,0.3390937535772429,"",5.221602176682026,5.56069593025927
2.7018789767342244,0.3333664365675372,"",4.570317443503841,4.9036838800713785
2.742455180524628,0.3447276271635492,"",3.940094971038855,4.284822598202404
2.7861773389785136,0.37653385469067485,"",3.3354796050060127,3.7120134596966876
2.8327793800112415,0.43515381906266154,"",2.763651508144088,3.1988053272067494
2.8816134980931905,0.5305549844743876,"",2.226820478214508,2.7573754626888958
2.9320299453125895,0.6779686714401848,"",1.7162489564632835,2.394217627903468
2.983672343383608,0.9010710323729614,"",1.2102048402460455,2.111275872619007
3.036630188474548,1.2376113661129522,"",0.6733142241854635,1.9109255902984157
3.091647074403583,1.7505655677212766,"",0.05369521390978127,1.8042607816310579
3.1474050379637926,2.5005857626966606,"",-0.6752532713446548,1.8253324913520057
3.1956807770393465,3.374579980408376,"",-1.3796560104229176,1.9949239699854584
3.240598541719288,4.357391503001492,"",-2.000517717609835,2.356873785391657
3.2817247886264673,5.292399087910527,"",-2.31768882058241,2.9747102673281174
3.32200545921319,5.998467291945168,"",-1.9982032369262495,4.000264055018919
3.356917938150981,6.154880532631294,"",-0.8200263644569734,5.334854168174321
3.38701114028139,5.779681029877447,"",1.010841504454996,6.790522534332443
3.415840924050493,4.993980553009661,"",3.2746218697305283,8.268602422740189
3.4454445269923224,3.951781209963211,"",5.625562916126438,9.577344126089649
3.4758885927799934,2.90466534677934,"",7.53548248256416,10.4401478293435
3.5020336436111412,2.1653644025658902,"",8.562634869296017,10.727999271861908
3.529105656207654,1.5890582960515682,"",9.058874670891553,10.647932966943122
3.5574938576664477,1.1642851916715249,"",9.105510635058964,10.269795826730489
3.5940049370665883,0.8132047477658543,"",8.715050609450412,9.528255357216265
3.622560967977946,0.6399188760017314,"",8.217022877249684,8.856941753251416
3.6546319984977913,0.5122598646036491,"",7.56912215639894,8.08138202100259
3.6855198971877847,0.4331783494795063,"",6.919287040995966,7.352465390475473
3.7184407235280617,0.38019365624001367,"",6.2390651983519545,6.619258854591968
3.752582939700129,0.34875783977747216,"",5.570363002944346,5.919120842721818
3.7891782253604083,0.33440265074945597,"",4.907583293168229,5.241985943917685
3.8282829175419715,0.3366360133802245,"",4.265005672981819,4.6016416863620435
3.8704109317189235,0.35724534440944755,"",3.645586510102401,4.002831854511848
3.915650743783951,0.4010485549485078,"",3.055150620361079,3.456199175309587
3.963457186331137,0.4759852448200722,"",2.5001058318096665,2.976091076629739
4.013163790048099,0.5943297599668431,"",1.9774360087827978,2.571765768749641
4.064221628358656,0.7748751668136391,"",1.4722984173800215,2.2471735841936606
4.116482321612245,1.0472346993662007,"",0.956364834763894,2.0035995341300947
4.170315712275804,1.4594936165978454,"",0.38675043595966585,1.8462440525575112
4.2267941188134985,2.092502903515375,"",-0.296353729300743,1.796149174214632
4.2784969331967595,2.90461835400279,"",-1.0173136922858252,1.8873046617169646
4.325189226337742,3.8446385599669703,"",-1.7017924630760186,2.1428460968909517
4.368004440998873,4.821990903611357,"",-2.206004607545941,2.6159862960654157
4.408339405096547,5.677462369017695,"",-2.2729120267552556,3.4045503422624392
4.448743474835207,6.155343381282646,"",-1.4652923737761476,4.690051007506498
4.48414745438586,5.961833161164983,"",0.3143987503948411,6.276231911559824
4.514840881642257,5.253682529545824,"",2.5965704929428135,7.850253022488637
4.545827813817707,4.201942893159327,"",5.103535691276242,9.30547858443557
4.577422537701921,3.0904893332115098,"",7.229514722851176,10.320004056062686
4.603292614683086,2.3200954039482213,"",8.375733898961483,10.695829302909704
4.63030448881801,1.702988269677034,"",8.990298207010506,10.69328647668754
4.657844028008099,1.2538634360337328,"",9.128808053852643,10.382671489886375
4.6911530173482285,0.8936599391010869,"",8.858611876628244,9.75227181572933
4.7207412291744175,0.6880270838786413,"",8.386973302153454,9.075000386032094
4.7516132633833115,0.5473908875409577,"",7.782600135200077,8.329991022741035
4.782374576643092,0.4562404780371989,"",7.138744825740348,7.594985303777547
4.814416699879101,0.39557735025100943,"",6.46959343113233,6.86517078138334
4.847858678751432,0.35765697131708185,"",5.8004042200859836,6.158061191403066
4.88342705009801,0.3376216464926577,"",5.136935763190655,5.474557409683313
4.921477652544272,0.33399233121352767,"",4.488827107469407,4.822819438682935
4.962408926366874,0.34768911364086497,"",3.8621135563523814,4.2098026699932465
5.006505024748077,0.38246179311088524,"",3.261497829897645,3.6439596230085303
5.0534050085351385,0.44506415228359725,"",2.69441293665818,3.1394770889417773
5.102457494827171,0.5460270027738662,"",2.1617384522905247,2.707765455064391
5.153027803581968,0.7014130623893066,"",1.6532874311464396,2.3547004935357463
5.204813118647026,0.9362967192488524,"",1.1456466423621428,2.0819433616109952
5.257967904868291,1.2908028673498946,"",0.6016372190422354,1.89244008639213
5.3133344267404325,1.8322737171741212,"",-0.03289535771088259,1.7993783594632387
5.368113495594322,2.599878442626159,"",-0.7616653186057736,1.8382131240203856
5.4159214475456645,3.490897714716508,"",-1.4627194404824482,2.02817827423406
5.460282924553065,4.475185775660494,"",-2.058680331844161,2.416505443816333
5.501141626011963,5.394154369270908,"",-2.3207375669006005,3.073416802370308
5.541391798733447,6.050881838772774,"",-1.8918044152621638,4.1590774235106105
5.5754413903844355,6.132995750520141,"",-0.6199954253700648,5.5130003251500765
5.605241699981677,5.699178869503914,"",1.2798327829498035,6.979011652453718
5.6340320371164125,4.872977122104182,"",3.57261815817989,8.445595280284072
5.664065393027819,3.8050278337232606,"",5.918065643470859,9.72309347719412
5.693280492583678,2.8162170622641978,"",7.673237549486503,10.4894546117507
5.7195805175078895,2.092727969552347,"",8.64189865826383,10.734626627816178
5.746522005970054,1.5390380480143682,"",9.080947239449223,10.619985287463592
5.775329134495569,1.125309060278157,"",9.08589080351341,10.211199863791567
5.810240362968908,0.8012822017584665,"",8.68807064371612,9.489352845474587
5.839107808340532,0.6304891362094566,"",8.177847239515792,8.808336375725249
5.87080315259751,0.5074452415091224,"",7.534704210910244,8.042149452419366
5.901743875889223,0.4300215659069557,"",6.883785917165169,7.313807483072125
5.934583303811962,0.3784489072361425,"",6.206679677829577,6.5851285850657195
5.968777637887741,0.347898665930781,"",5.539180653479129,5.887079319409909
6.00540630188708,0.33431447511227874,"",4.878541449016515,5.212855924128793
6.044596185477561,0.33729052558952405,"",4.237582470488899,4.574872996078423
6.086819076198007,0.35875880829909,"",3.6198994322249645,3.9786582405240543
6.132148899626189,0.4036702216129747,"",3.03128993661699,3.4349601582299645
6.18002120180333,0.4801090631156947,"",2.478028247697862,2.9581373108135565
6.229771882128556,0.6005659066307383,"",1.9566565690076458,2.557222475638384
6.280863636668883,0.7841715977679511,"",1.4518466566310437,2.236018254398995
6.3331663183567075,1.0611045179756486,"",0.9347526480922181,1.9958571660678668
6.387076088328828,1.4804613680447876,"",0.36184925022924896,1.8423106182740365
6.443677552431276,2.124581156827815,"",-0.3270373013864112,1.7975438554414036
6.495020858511869,2.941105001766073,"",-1.046285641012859,1.894819360753214
6.541598321778455,3.886143599922107,"",-1.7275496340269814,2.1585939658951254
6.584248231730846,4.861173625209838,"",-2.218764795015784,2.6424088301940536
6.624553248871913,5.707034466254738,"",-2.258924787596627,3.448109678658111
6.665020008076877,6.16012148431331,"",-1.4004840254023128,4.759637458910997
6.699978117214726,5.940092997152316,"",0.40169932192427105,6.341792319076587
6.730694960894326,5.212260790052799,"",2.7056738145993346,7.9179346046521335
6.761682313920685,4.152887049661192,"",5.205894222669315,9.358781272330507
6.796185510240085,2.952627132604118,"",7.45592986479112,10.408556997395237
6.8229207726138865,2.188556211681555,"",8.53361386324373,10.722170074925286
6.851417021730002,1.5804358935336484,"",9.060911688201669,10.641347581735317
6.880475134533321,1.1504191850489374,"",9.097264698724011,10.247683883772948
6.917586438495795,0.8006916048436175,"",8.685909863993784,9.486601468837401
6.946704089244815,0.6289280047893742,"",8.17057856409283,8.799506568882205
6.979257133330557,0.5038513505337825,"",7.509026455425461,8.012877805959244
7.010584861554381,0.42697922118175424,"",6.850037683584015,7.277016904765769
7.043954904853238,0.3760315899187927,"",6.16366825648743,6.539699846406222
7.078559520260675,0.3464643765517572,"",5.491366529620294,5.837830906172051
7.1156493634426115,0.3340231763835143,"",4.8269792996078875,5.161002475991402
7.155269546215705,0.33842022120225984,"",4.184601005932651,4.523021227134911
7.197951733938168,0.3617804953751201,"",3.5664957901635717,3.9282762855386917
7.243674958814302,0.4092983148974192,"",2.9791618234333113,3.3884601383307302
7.291871432116353,0.4894337739173436,"",2.4277779458074553,2.917211719724799
7.341861494899565,0.6151946774293593,"",1.907859795289715,2.5230544727190742
7.393147821170152,0.8066101272003374,"",1.4025432688535462,2.2091533960538836
7.44564230856412,1.0953186316857264,"",0.8815297150825525,1.976848346768279
7.499814081207575,1.533090431199794,"",0.2994512591644707,1.8325416903642646
7.556757205608014,2.205794195029169,"",-0.40452767066990547,1.8012665243592634
7.607273799588071,3.0341369870933397,"",-1.1201355549212266,1.914001432172113
7.653596049638531,3.9921692842355565,"",-1.79293538835356,2.1992338958819966
7.695867087190502,4.961252124838742,"",-2.2500158553947274,2.7112362694440146
7.736135212995623,5.781473269988565,"",-2.2186309956832346,3.5628422743053303
7.7768015561809305,6.167872737305444,"",-1.2238677745986015,4.944004962706843
7.8107059310767974,5.880227077117722,"",0.6377917482718072,6.518018825389529
7.8415192650569505,5.100000100230371,"",2.999714336912879,8.09971443714325
7.872587038972771,4.019266441852593,"",5.483833051768387,9.50309949362098
7.905505609196564,2.886107732088985,"",7.561845375312896,10.447953107401881
7.932438719021466,2.131846861079941,"",8.597367216516094,10.729214077596035
7.96064449369329,1.545265233807809,"",9.07666875594362,10.62193398975143
7.989991290685893,1.123297228099934,"",9.08321902810722,10.206516256207154
8.02587067753037,0.7932394670938661,"",8.668653360159597,9.461892827253463
8.05518049501692,0.623097847753388,"",8.145731282833722,8.76882913058711
8.087420638525503,0.5011134673576392,"",7.488896273083836,7.990009740441475
8.118756307384508,0.42523932421845523,"",6.829829341741432,7.255068665959887
8.152032794008246,0.3751351568372461,"",6.146236064120835,6.5213712209580805
8.186641361113864,0.3460546059807489,"",5.475081054264809,5.821135660245558
8.22371772873193,0.33401977402214306,"",4.812377788065268,5.146397562087411
8.263360272667848,0.3387907002544962,"",4.17116114158523,4.509951841839727
8.306067434026124,0.3625704642353654,"",3.554224724408791,3.9167951886441563
8.35181632455226,0.41062084636753676,"",2.9679789739521505,3.378599820319687
8.400027701484525,0.49146852432002736,"",2.4175854322235355,2.9090539565435627
8.450025875953076,0.618226829553115,"",1.8983432961301663,2.5165701256832813
8.501318304683863,0.811083590638546,"",1.3931961860473105,2.2042797766858566
8.553825763190044,1.1019486207636802,"",0.8716213055595152,1.9735699263231954
8.608029429475204,1.5430796845811905,"",0.28797027515676477,1.8310499597379553
8.665019251418684,2.220906767002106,"",-0.4185815335176417,1.8023252334844644
8.715375967425146,3.051097248482749,"",-1.1332232433629812,1.9178740051197678
8.761646777235628,4.011146120976776,"",-1.8041031578276145,2.2070429631491617
8.803847133029816,4.978730728811959,"",-2.254557511712672,2.724173217099287
8.84411080511244,5.793861004123174,"",-2.209663819136116,3.584197184987058
8.884815178420043,6.167646800923498,"",-1.1897202442270869,4.977926556696411
8.918542107362217,5.86809313827561,"",0.6822172405062172,6.550310378781827
8.949378925949565,5.078514085429641,"",3.0540735418653844,8.132587627295026
8.9804744106093,3.9940394536175594,"",5.534803466636965,9.528842920254524
9.013126010105658,2.872779334162832,"",7.5821682154623655,10.454947549625198
9.04010114431949,2.1205732829390924,"",8.609101607419388,10.729674890358481
9.068263574692258,1.5380664583509613,"",9.07902290822771,10.617089366578671
9.097677847663334,1.1177188748211613,"",9.079378647531259,10.19709752235242
9.133333819911407,0.7914801561702394,"",8.66383462834486,9.4553147845151
9.162686339750636,0.6217618857504255,"",8.139207479889691,8.760969365640117
9.194874587154159,0.5004459746924604,"",7.483099321800763,7.983545296493223
9.22621866471978,0.4248244893068141,"",6.8239442507963615,7.248768740103175
9.259485879076188,0.37493078156757803,"",6.140840123780726,6.515770905348304
9.29410448728632,0.3459879540522151,"",5.469903555080135,5.81589150913235
9.331188942324054,0.33407700683231345,"",4.807544841486416,5.141621848318729
9.370847113822297,0.33897370971577984,"",4.1666013123942784,4.505575022110058
9.413571540889,0.3629051952246796,"",3.549951572039945,3.9128567672646244
9.459336152562301,0.4111562091136709,"",2.9640079495528027,3.3751641586664736
9.50755923421135,0.4922804772020698,"",2.4138964687926308,2.9061769459947007
9.55756571584222,0.6194319222949899,"",1.8948395090447119,2.5142714313397017
9.608865371515398,0.8128632104008315,"",1.3896952737145347,2.2025584841153663
9.661382318228371,1.104593240674167,"",0.8678488908164759,1.9724421314906428
9.715602920149385,1.547079404529705,"",0.2835326482057594,1.8306120527354643
9.77261546989588,2.226978333424417,"",-0.4240712352959308,1.802907098128486
9.822910812763972,3.057904749818598,"",-1.1383054672644313,1.9195992825541668
9.869163379736746,4.018741245777183,"",-1.8083496339706295,2.2103916118065534
9.911337604975719,4.985662056948604,"",-2.256008435377507,2.7296536215710967
9.95160233472979,5.798621383523159,"",-2.205431544774725,3.593189838748434
9.99232519299334,6.167088892800047,"",-1.174948942465475,4.992139950334572
10.025981203531432,5.862596241304168,"",0.7011999483611087,6.563796189665276
10.056830162117663,5.069143623411128,"",3.0770728073469957,8.146216430758123
10.087940395512796,3.983154140705712,"",5.556220287002705,9.539374427708417
10.120483648462615,2.866918754066319,"",7.590626662870964,10.457545416937283
10.147478446597725,2.1156467630875992,"",8.613754188867368,10.729400951954966
10.175625233864057,1.534900821106529,"",9.079587196979173,10.614488018085702
10.205071276601004,1.115273511776142,"",9.077199460643364,10.192472972419505
10.240634941454061,0.7906889731995531,"",8.661168999046417,9.45185797224597
10.270008078379837,0.621172138308492,"",8.135771689889848,8.75694382819834
10.302176916714686,0.5001572291948545,"",7.479948703431555,7.98010593262641
10.333527218183935,0.4246563096131608,"",6.820748507786562,7.245404817399723
10.366793558522552,0.37486368250585456,"",6.1378521022167885,6.512715784722643
10.401419793371325,0.34599113429772826,"",5.467015466658988,5.813006600956716
10.438511451445052,0.33414654532770227,"",4.80481589019925,5.1389624355269525
10.478180275285045,0.3391143937769329,"",4.1640078385440935,4.503122232321027
10.520916408942846,0.36313513184477875,"",3.547501806323303,3.9106369381680817
10.566691560713661,0.411506905120016,"",2.9617163989554487,3.3732233040754647
10.61492288647172,0.49280022499414755,"",2.41175189894616,2.9045521239403076
10.664935575780762,0.6201939737115287,"",1.892785839292309,2.5129798130038377
10.716240883244136,0.8139813385449358,"",1.3876234442985536,2.2016047828434893
10.76876497100159,1.1062493479476476,"",0.8655930032790535,1.9718423512267012
10.822997544103655,1.5495812202405732,"",0.28085167810426825,1.8304328983448415
10.880025926551205,2.230776336560009,"",-0.42741219982417133,1.8033641367358375
10.930283689912098,3.0621460452913167,"",-1.141368785908762,1.9207772593825547
10.976525851125709,4.023451738165223,"",-1.8108493658231453,2.2126023723420776
11.018684686650628,4.989914651016251,"",-2.2566887690216957,2.7332258819945556
11.058951420427876,5.801449363282996,"",-2.202440162457187,3.5990092008258094
11.099687393102577,6.166476661093529,"",-1.165190874541361,5.001285786552168
11.13329916942844,5.858829213057407,"",0.7136016699797016,6.572430883037109
11.164157070122245,5.062915822262876,"",3.0919649950554122,8.154880817318288
11.195278193240027,3.9759920911662863,"",5.569986055641261,9.545978146807547
11.2277532203733,2.86302705533183,"",7.5959642347393554,10.458991290071186
11.254761721427565,2.112393174710546,"",8.616548899023236,10.728942073733782
11.282899656607167,1.5328072498010843,"",9.07968257090675,10.612489820707834
11.312367732992815,1.1136628877008992,"",9.075471523577534,10.189134411278433
11.347873135661565,0.7901633908056152,"",8.659095912982334,9.449259303787949
11.37726093703052,0.6207865135004511,"",8.133182813744233,8.753969327244684
11.409418683742015,0.4999739112830704,"",7.477535778578454,7.977509689861524
11.44077446866793,0.42455704933928706,"",6.818305087779042,7.24286213711833
11.474041929527585,0.3748353625882754,"",6.135544753547919,6.510380116136194
11.508674936422869,0.3460141492186244,"",5.464777753794784,5.810791903013408
11.545773311273852,0.33421961933960603,"",4.802688655935201,5.136908275274807
11.585451212410135,0.33924295597387166,"",4.161979054505219,4.501222010479091
11.628197296678865,0.3633349024530902,"",3.545577850685052,3.908912753138142
11.673981375537466,0.4118042710074346,"",2.959910591419694,3.3717148624271287
11.72221983681027,0.49323535674723007,"",2.410055157369052,2.9032905141162817
11.772238041957017,0.6208274689082941,"",1.8911534657891536,2.5119809346974478
11.823548474941457,0.814907206741972,"",1.3859674297794131,2.200874636521385
11.876078968690429,1.107617793964021,"",0.8637788569885447,1.9713966509525658
11.930322028428304,1.5516467528086406,"",0.2786828041751406,1.8303295569837812
11.987364188606755,2.2339114228813495,"",-0.4301260562453577,1.8037853666359918
12.037591299250344,3.065638324039787,"",-1.1438421428677663,1.9217961811720206
12.083825329621327,4.027319372177338,"",-1.8128374895225035,2.2144818826548347
12.125971908309511,4.993383443519967,"",-2.2571412305075365,2.7362422130124306
12.166240932994913,5.803710149298624,"",-2.1998062836964754,3.6039038656021485
12.206988447158361,6.165843797769104,"",-1.1568904413379872,5.008953356431117
12.240563832902396,5.855563949617075,"",0.7240865911431076,6.579650540760182
12.271429763323173,5.057602800263059,"",3.1044927855291533,8.162095585792212
12.302560710362847,3.969914272650464,"",5.581519820497703,9.551434093148167
12.3349793387396,2.8597043246807057,"",7.600398103268468,10.460102427949174
12.361999820726947,2.1096234984603193,"",8.618803972973025,10.728427471433344
12.390130936634344,1.5310225887668087,"",9.07964087528228,10.610663464049088
12.419618284848926,1.1122925590120627,"",9.073871052816049,10.186163611828112
12.455075357846665,0.7897129975221013,"",8.657189628825561,9.446902626347663
12.484476118433259,0.6204588238771683,"",8.130833226391587,8.751292050268756
12.516625218931699,0.49982025087498033,"",7.475329476579737,7.975149727454717
12.547986299152495,0.4244771633092379,"",6.816072095635113,7.240549258944351
12.581255493583969,0.37481791219714294,"",6.133426753054197,6.50824466525134
12.615895061637717,0.3460427542896312,"",5.462720529501644,5.808763283791276
12.653000054739351,0.334293772020327,"",4.800727843224492,5.13502161524482
12.692686620683709,0.3393683037168842,"",4.160106148384509,4.499474452101393
12.735442193884348,0.3635265456097183,"",3.543798759971999,3.9073253055817174
12.78123477041822,0.41208722508381534,"",2.958238421274265,3.37032564635808
12.829480075443605,0.49364761269299673,"",2.4084814159190184,2.9021290286120154
12.87950361770051,0.6214262205523313,"",1.889636566511885,2.5110627870642164
12.93081904410291,0.8157811540112734,"",1.3844250824502806,2.200206236461554
12.983355757288882,1.1089086367963668,"",0.862085088956976,1.9709937257533428
13.037608919249474,1.5535947669863233,"",0.2766530353025374,1.8302478022888606
13.094664280245649,2.236867526617341,"",-0.4326692367402578,1.8041982898770832
13.144862659413969,3.0689279540394008,"",-1.146154432652221,1.9227735213871797
13.191089189853411,4.030957943603311,"",-1.8146840670109334,2.2162738765923775
13.233224391450893,4.9966377368130255,"",-2.257526441407525,2.7391112954055004
13.273495831745958,5.805812430617771,"",-2.1972584478330357,3.6085539827847355
13.314254481634164,6.16519535675037,"",-1.1489673237523057,5.016228032998065
13.34779570990171,5.852425698089606,"",0.7340696234272777,6.5864953215168835
13.378669479645177,5.0525277529808665,"",3.116396094476528,8.168923847457394
13.409810100878973,3.9641190717620534,"",5.5924638482720725,9.556582920034126
13.442175726965578,2.8565206570147836,"",7.604607705424884,10.461128362439668
13.46920777332749,2.106972908701057,"",8.620922123450951,10.727895032152007
13.497332718299639,1.5293113600228319,"",9.079563044434533,10.608874404457364
13.526838769029128,1.1109788372538585,"",9.072296149352905,10.183274986606763
13.562250137122877,0.789277666543484,"",8.655315187234352,9.444592853777836
13.59166347201394,0.6201430331474118,"",8.128530971750491,8.748674004897904
13.623804610904838,0.4996721024174319,"",7.473160174210481,7.972832276627913
13.65517099338663,0.4244008312157713,"",6.813876104056633,7.238276935272404
13.688442146495955,0.37480236235021686,"",6.131339794773109,6.506142157123326
13.723088297757348,0.34607236660660046,"",5.460691937890447,5.806764304497047
13.760199971028497,0.33436822700965285,"",4.79879218992839,5.133160416938043
13.799895188867572,0.3394933604181847,"",4.158256123383268,4.497749483801452
13.842660233476362,0.3637172835367996,"",3.5420402966262525,3.905757580163052
13.888461280770274,0.41236853103738924,"",2.9565848560481083,3.3689533870854977
13.936713419448202,0.49405726502193853,"",2.4069243799372932,2.9009816449592316
13.986742299567455,0.6220210635141538,"",1.8881349235096203,2.510155987023774
14.038062726602064,0.816649351788318,"",1.3828972496570398,2.1995466014453577
14.090605661418277,1.110191042553352,"",0.8604061021028964,1.9705971446562485
14.144868911048226,1.555530303828016,"",0.2746396644303324,1.8301699682583483
14.2019373821637,2.239804092491486,"",-0.43519190161721943,1.8046121908742665
14.252107314426553,3.0721949535331117,"",-1.1484467429672773,1.9237482105658343
14.298326438617366,4.034569565114602,"",-1.8165105697848007,2.218058995329801
14.340450407641585,4.999864803473396,"",-2.257896484102975,2.7419683193704207
14.38072434347234,5.807890147982841,"",-2.194705498919631,3.61318464906321
14.42149411147223,6.1645314335428125,"",-1.1410626810603777,5.023468752482435
14.455001584216284,5.849289511109967,"",0.7440199328037327,6.5933094439137
14.485883250105505,5.047466002813071,"",3.12825106241187,8.17571706522494
14.517033720456475,3.9583404379612563,"",5.603361972233721,9.561702410194977
14.549346992888323,2.853331939680846,"",7.608820285513385,10.462152225194231
14.57639062552728,2.1043192298291826,"",8.623037585354101,10.727356815183285
14.604509607528806,1.5275943063283548,"",9.079482509237964,10.60707681556632
14.634034543394753,1.1096598127587838,"",9.07071177805824,10.180371590817023
14.669400414829306,0.7888367082161725,"",8.653425925213694,9.442262633429866
14.69882638641303,0.6198233443985643,"",8.12620992567088,8.746033270069445
14.730959672277997,0.4995210896123352,"",7.470968851591272,7.970489941203607
14.762331437721938,0.4243225559566446,"",6.8116566683335895,7.235979224290234
14.795604656627447,0.37478557980378907,"",6.129228370795858,6.5040139505996475
14.830257502875906,0.34610138558661974,"",5.458638592707483,5.804739978294102
14.867375985709572,0.33444272162736444,"",4.796831853293292,5.131274574920656
14.907079990476085,0.33961917389404783,"",4.156381953489576,4.496001127383623
14.949854653137518,0.36390969484413493,"",3.5402584393739547,3.9041681342180894
14.995664291821418,0.412652745979382,"",2.954909075982076,3.367561821961458
15.043923358385008,0.4944715571065322,"",2.4053462753338577,2.89981783244039
15.093957644359103,0.6226230239285534,"",1.8866128723894744,2.5092358963180277
15.145283131972862,0.8175283236865516,"",1.3813485927996108,2.1988769164861623
15.197832360807508,1.111489783085623,"",0.8587042030495353,1.9701939861351583
15.252105818679533,1.5574910139530136,"",0.27259882715764805,1.8300898411106616
15.309187481151639,2.2427782297178807,"",-0.43774770304754784,1.8050305266703328
15.359328671143302,3.0755037826428566,"",-1.1507694586478885,1.9247343239949681
15.405540292174267,4.038226515535757,"",-1.818360205582199,2.219866309953558
15.447652913510511,5.003131485190533,"",-2.2582694888474344,2.7448619963430985
15.487929413542053,5.8099907953863195,"",-2.192113772072406,3.6178770233139135
15.528710421763005,6.163851111813431,"",-1.1330464104872533,5.030804701326177
15.562183895869671,5.84610980629119,"",0.7541071050461028,6.600216911337292
15.593073608608583,5.042336190562537,"",3.1402654222227913,8.182601612785328
15.624234233261687,3.952482068500027,"",5.614410270858128,9.566892339358155
15.656494836528228,2.850085147773178,"",7.613119103218974,10.463204250992153
15.683550239282223,2.1016175894158287,"",8.62519923169082,10.726816821106649
15.711663318831453,1.5258420789817952,"",9.079411269490144,10.605253348471939
15.741207610365697,1.1083125074555353,"",9.069104447448664,10.1774169549042
15.77652732619065,0.7883821693555233,"",8.651503734189616,9.43988590354514
15.80596616430615,0.6194937145820822,"",8.123844597972395,8.743338312554478
15.838091503123145,0.49936395081214835,"",7.468732388066842,7.96809633887899
15.869468764753417,0.42424019196173535,"",6.8093900501515865,7.233630242113322
15.902744121041867,0.37476633177708046,"",6.127070474874573,6.501836806651654
15.937403814661012,0.3461291827622202,"",5.456539243571,5.80266842633322
15.974529270199723,0.3345171600096286,"",4.794826882681531,5.12934404269116
16.014242260450686,0.3397461765999197,"",4.154464755513721,4.49421093211364
16.057026758090363,0.3641048344571196,"",3.5384354560875275,3.902540290544647
16.10284517116711,0.4129417327462668,"",2.9531946025733604,3.366136335319627
16.151111304563475,0.49489345225198106,"",2.4037318188177315,2.8986252710697125
16.201151093652875,0.6232366173609808,"",1.8850559502110769,2.5082925675720578
16.252481725117327,0.8184248446731366,"",1.3797647434001181,2.1981895880732547
16.305037350793,1.1128150275337374,"",0.856964023181148,1.9697790507148853
16.35932119471458,1.5594923742243743,"",0.2705125910254731,1.8300049652498473
16.416416197955094,2.2458133705990835,"",-0.44035854491886006,1.8054548256802234
16.466528117349192,3.078880870386514,"",-1.1531431239926675,1.9257377463938463
16.512732061413022,4.041958346138687,"",-1.8202504435670708,2.221707902571616
16.554833116396537,5.006464996623834,"",-2.2586524482045944,2.74781254841924
16.595112248590258,5.81213344247447,"",-2.189468602736112,3.622664839738358
16.635904676472855,6.163153214257864,"",-1.1248638561744553,5.038289358083409
16.66934365332726,5.842867199256792,"",0.764401944490622,6.6072691437474145
16.70024160653383,5.037104227690817,"",3.152525454265332,8.189629681956148
16.731412756053363,3.946503644766166,"",5.625690173121166,9.572193817887332
16.763619996455997,2.846757368299105,"",7.617539826158685,10.46429719445779
16.790687423751287,2.0988486661202295,"",8.62742772939474,10.726276395514969
16.818794609797084,1.5240418441768973,"",9.079354235996878,10.603396080173775
16.848358861738635,1.106926828095283,"",9.067467797482344,10.174394625577627
16.883631407252196,0.7879103234535714,"",8.649539974784132,9.437450298237703
16.913083416506282,0.6191513367942366,"",8.121422973288631,8.740574310082868
16.94520063476369,0.49919912384930765,"",7.466439584092468,7.965638707941776
16.976583524493925,0.4241527077126242,"",6.8070647043264705,7.231217412039094
17.009861081190945,0.37474401788963796,"",6.12485523848812,6.499599256377758
17.04452779864504,0.34615545351511445,"",5.454383327938159,5.800538781453274
17.081660412297392,0.334591502385298,"",4.792767274147976,5.127358776533274
17.12138262185022,0.33987459688803473,"",4.152495013951595,4.49236961083963
17.164177210233117,0.36430325096400834,"",3.5365623682052347,3.900865619169243
17.210004614561598,0.41323645828342853,"",2.9514330641997497,3.364669522483178
17.25827797844918,0.4953244900885694,"",2.4020732189157505,2.89739770900432
17.308323384424643,0.6238641933462152,"",1.8834567566843443,2.5073209500305595
17.35965925646125,0.8193424460116325,"",1.3781383181573388,2.1974807641689713
17.4122213989519,1.1141720859786473,"",0.8551776291893778,1.969349715168025
17.46651583802673,1.5615424832640166,"",0.2683716587167895,1.829914141980806
17.523624364746617,2.248921735750425,"",-0.44303575452426713,1.805885981226158
17.573706368021387,3.082339982240561,"",-1.1555783396247028,1.9267616426158582
17.619902422278354,4.045780373665405,"",-1.8221901653392054,2.2235902083261996
17.66199164081213,5.0098793423105885,"",-2.259048616223658,2.7508307260869307
17.702273476167395,5.814327664709307,"",-2.1867615966954,3.627566068013907
17.74307753279519,6.162436424481909,"",-1.1164854161503515,5.045951008331557
17.77648138860049,5.839550988870821,"",0.7749424218239742,6.614493410694795
17.80738780208602,5.031751730943521,"",3.1650770334857814,8.196828764429302
17.838569891671202,3.940383449582381,"",5.637244963637919,9.5776284132203
17.87072289357269,2.843335652763221,"",7.622102342983553,10.465437995746774
17.897802640333275,2.0960015984074234,"",8.629734370526254,10.725735968933677
17.925903922822496,1.5221862238861334,"",9.079313942815324,10.601500166701458
17.955488824186368,1.1054969339270304,"",9.065797775495918,10.171294709422948
17.99071299981955,0.7874188193556515,"",8.647529067734215,9.434947887089866
18.02017852911352,0.6187944595236741,"",8.118937407408357,8.73773186693203
18.052287415248504,0.49902559666346036,"",7.464083080472638,7.963108677136098
18.08367607950657,0.42405943202115154,"",6.8046730099496315,7.2287324419707835
18.116955900591147,0.37471824171472246,"",6.122575362412174,6.497293604126897
18.151629837525036,0.3461799979918775,"",5.452163702213736,5.7983437002056135
18.188769813830213,0.3346657281189843,"",4.790646197413071,5.125311925532055
18.228501503080025,0.3400045996206669,"",4.15046619792346,4.490470797544127
18.271306467124262,0.36450533397992513,"",3.5346329821786107,3.8991383161585356
18.31714310455503,0.4135376078033261,"",2.9496186659646684,3.3631562737679945
18.365423881126322,0.4957657625197019,"",2.4003650626507946,2.8961308251704967
18.415475030365446,0.6245074204720246,"",1.8818101306591775,2.506317551131202
18.46681625016518,0.820283639815887,"",1.3764641444214842,2.1967477842373713
18.519385042557815,1.11556474289954,"",0.8533394360856128,1.968904178985153
18.573690309202483,1.563647125221907,"",0.26616945467453323,1.8298165798964403
18.630812564029565,2.252112021232514,"",-0.4457873199701887,1.8063247012623251
18.68086392547881,3.085890899779247,"",-1.1580825630974703,1.9278083366817769
18.72705185008866,4.049703424859174,"",-1.8241855182234508,2.225517906635723
18.76912892739687,5.013384344587437,"",-2.259460012852534,2.753924331734903
18.80941354162281,5.816579996422057,"",-2.1839862200073967,3.63259377641466
18.850229456827673,6.161699278517579,"",-1.1078892116976276,5.053810066819952
18.883597484787984,5.836153118958241,"",0.7857563275765882,6.621909446534829
18.914512599841206,5.026265171526235,"",3.177953443456744,8.20421861498298
18.945706084410933,3.9341055185939737,"",5.649106038434141,9.583211557028115
18.977803854091942,2.839810048402085,"",7.626821750258551,10.466631798660636
19.004896246878335,2.0930680765102716,"",8.63212756115529,10.72519563766556
19.032991608161264,1.5202694607205727,"",9.079292163443302,10.599561624163876
19.062597918760133,1.1040182404004042,"",9.064090938650647,10.16810917905105
19.097772394210683,0.7869056781688459,"",8.645466231184642,9.432371909353488
19.127251827939908,0.6184216208453381,"",8.116381421300197,8.734803042145534
19.15935214597762,0.49884250083168746,"",7.461656494201376,7.960498995033063
19.190746745139275,0.42395978720580296,"",6.802208336438347,7.2261681236441495
19.224028899405678,0.37468865859322387,"",6.120224420885469,6.4949130794786925
19.258710270138295,0.34620264331741407,"",5.44987404826184,5.7960766915792545
19.29585783295585,0.33473982289434673,"",4.788457573675117,5.123197396569464
19.335599287413206,0.3401363370211525,"",4.148372475369394,4.488508812390546
19.37841493951553,0.3647114393879888,"",3.532641749265317,3.8973531886533057
19.42426107522546,0.41384580618737743,"",2.9477462048394734,3.361592011026851
19.472549464125585,0.4962182656960859,"",2.3986024785841416,2.8948207442802274
19.522606494996207,0.625167822228387,"",1.8801114156907062,2.505279237919093
19.573953179816122,0.8212507221263168,"",1.374737541626531,2.195988263752848
19.626528767691667,1.11699646116623,"",0.8514443742398026,1.9684408354060325
19.680845116220926,1.5658115996948192,"",0.2638999922444394,1.8297115919392586
19.737981322712656,2.2553921748126746,"",-0.4486204995212708,1.8067716752914038
19.788001245225942,3.089542554728098,"",-1.1606625598579943,1.9288799948701036
19.834180776108862,4.053737351758725,"",-1.8262420189146873,2.227495332844038
19.876245376843077,5.016988895877655,"",-2.2598883105149636,2.7571005853626915
19.916532851443808,5.81889624478745,"",-2.181136171740017,3.6377600730474335
19.957360873694057,6.160940129602294,"",-1.0990547766385141,5.06188535296378
19.990692294739976,5.832665969971028,"",0.7968695036886393,6.629535473659668
20.0,5.633362954508927,"",1.4737395684096297,7.107102522918557
